Enumerating devices...
Found dongle with S/N: SN20130116000287
Read Stats - getSignal  ( in msec ):
	Count: 1000
	Min: 1.99007987976
	Max: 12.2270584106
	mean: 7.74739480019
	median: 7.9699754715
	std: 0.838716715152

Read Stats - getBatteryLevel  ( in msec ):
	Count: 1000
	Min: 0.000953674316406
	Max: 0.00381469726562
	mean: 0.00183343887329
	median: 0.00190734863281
	std: 0.000678965715349

